{
 "cells": [
  {
   "cell_type": "code",
   "execution_count": 32,
   "metadata": {},
   "outputs": [],
   "source": [
    "import pandas as pd\n",
    "from factor_analyzer import FactorAnalyzer\n",
    "from sklearn.preprocessing import scale\n",
    "import numpy as np"
   ]
  },
  {
   "cell_type": "code",
   "execution_count": 21,
   "metadata": {},
   "outputs": [],
   "source": [
    "df = pd.read_excel('C:/Users/jxjsj/Desktop/stat.xlsx')\n",
    "# 标准化\n",
    "df = df.apply(lambda x: (x-x.mean())/x.std())"
   ]
  },
  {
   "cell_type": "code",
   "execution_count": 62,
   "metadata": {},
   "outputs": [],
   "source": [
    "factorA = FactorAnalyzer(n_factors=3, rotation='varimax')\n",
    "result = factorA.fit(df)"
   ]
  },
  {
   "cell_type": "code",
   "execution_count": 54,
   "metadata": {
    "scrolled": true
   },
   "outputs": [
    {
     "data": {
      "text/plain": [
       "array([[ 1.        ,  0.68426334,  0.87681744,  0.64436027,  0.79532736,\n",
       "         0.84444176,  0.89655271,  0.80735834, -0.02305626, -0.12250821,\n",
       "        -0.08201421, -0.0173678 ],\n",
       "       [ 0.68426334,  1.        ,  0.78957935,  0.41704238,  0.91898038,\n",
       "         0.81086658,  0.63389862,  0.74750326,  0.21823394,  0.35009193,\n",
       "         0.42329181,  0.31370632],\n",
       "       [ 0.87681744,  0.78957935,  1.        ,  0.44212847,  0.80712059,\n",
       "         0.77788284,  0.73836089,  0.71557956,  0.05249843, -0.06721818,\n",
       "         0.00312035,  0.01439222],\n",
       "       [ 0.64436027,  0.41704238,  0.44212847,  1.        ,  0.6768951 ,\n",
       "         0.81869576,  0.89028653,  0.89604931, -0.16561155,  0.06337018,\n",
       "         0.0256761 ,  0.07952518],\n",
       "       [ 0.79532736,  0.91898038,  0.80712059,  0.6768951 ,  1.        ,\n",
       "         0.942741  ,  0.81075293,  0.90250783,  0.13492558,  0.22998857,\n",
       "         0.27772687,  0.20342811],\n",
       "       [ 0.84444176,  0.81086658,  0.77788284,  0.81869576,  0.942741  ,\n",
       "         1.        ,  0.92320062,  0.98041701,  0.02579273,  0.16666044,\n",
       "         0.20224723,  0.23893496],\n",
       "       [ 0.89655271,  0.63389862,  0.73836089,  0.89028653,  0.81075293,\n",
       "         0.92320062,  1.        ,  0.94828425, -0.06641952,  0.05993786,\n",
       "         0.04936071,  0.09635636],\n",
       "       [ 0.80735834,  0.74750326,  0.71557956,  0.89604931,  0.90250783,\n",
       "         0.98041701,  0.94828425,  1.        , -0.01010514,  0.17638715,\n",
       "         0.1961039 ,  0.25135227],\n",
       "       [-0.02305626,  0.21823394,  0.05249843, -0.16561155,  0.13492558,\n",
       "         0.02579273, -0.06641952, -0.01010514,  1.        ,  0.31082333,\n",
       "         0.36429773,  0.07884095],\n",
       "       [-0.12250821,  0.35009193, -0.06721818,  0.06337018,  0.22998857,\n",
       "         0.16666044,  0.05993786,  0.17638715,  0.31082333,  1.        ,\n",
       "         0.9137913 ,  0.56351975],\n",
       "       [-0.08201421,  0.42329181,  0.00312035,  0.0256761 ,  0.27772687,\n",
       "         0.20224723,  0.04936071,  0.1961039 ,  0.36429773,  0.9137913 ,\n",
       "         1.        ,  0.63156563],\n",
       "       [-0.0173678 ,  0.31370632,  0.01439222,  0.07952518,  0.20342811,\n",
       "         0.23893496,  0.09635636,  0.25135227,  0.07884095,  0.56351975,\n",
       "         0.63156563,  1.        ]])"
      ]
     },
     "execution_count": 54,
     "metadata": {},
     "output_type": "execute_result"
    }
   ],
   "source": [
    "# 原始数据中变量的相关系数矩阵\n",
    "result.corr_"
   ]
  },
  {
   "cell_type": "code",
   "execution_count": 24,
   "metadata": {},
   "outputs": [
    {
     "data": {
      "text/plain": [
       "array([[ 0.90531087, -0.15225049,  0.19079485],\n",
       "       [ 0.87139013,  0.38457394, -0.10787238],\n",
       "       [ 0.9360332 , -0.08119196, -0.08273553],\n",
       "       [ 0.5614854 ,  0.03053045,  0.8134536 ],\n",
       "       [ 0.92028851,  0.24360342,  0.15767616],\n",
       "       [ 0.89128253,  0.18168038,  0.3857656 ],\n",
       "       [ 0.8193446 ,  0.01386398,  0.5243    ],\n",
       "       [ 0.83054964,  0.18897   ,  0.51937831],\n",
       "       [ 0.08259912,  0.31519302, -0.2713622 ],\n",
       "       [ 0.00718101,  0.91728153,  0.02652618],\n",
       "       [ 0.06555422,  0.99462143, -0.06233647],\n",
       "       [ 0.0734607 ,  0.61423912,  0.08141473]])"
      ]
     },
     "execution_count": 24,
     "metadata": {},
     "output_type": "execute_result"
    }
   ],
   "source": [
    "# 因子载荷矩阵\n",
    "result.loadings_"
   ]
  },
  {
   "cell_type": "code",
   "execution_count": 25,
   "metadata": {},
   "outputs": [
    {
     "data": {
      "text/plain": [
       "array([0.87917066, 0.91885432, 0.88959545, 0.97790472, 0.93113533,\n",
       "       0.9762074 , 0.94640827, 0.9952762 , 0.1798067 , 0.84216061,\n",
       "       0.99745499, 0.38931452])"
      ]
     },
     "execution_count": 25,
     "metadata": {},
     "output_type": "execute_result"
    }
   ],
   "source": [
    "# 每个变量的公共度：因子系数的平方和\n",
    "result.get_communalities()"
   ]
  },
  {
   "cell_type": "code",
   "execution_count": 27,
   "metadata": {},
   "outputs": [
    {
     "data": {
      "text/plain": [
       "(array([6.67065775e+00, 2.67513163e+00, 1.10682423e+00, 6.69757362e-01,\n",
       "        4.37086405e-01, 2.29113795e-01, 7.57675066e-02, 7.34795258e-02,\n",
       "        3.16757532e-02, 2.14931937e-02, 6.68665432e-03, 2.32618875e-03]),\n",
       " array([ 6.60776155e+00,  2.46824856e+00,  8.48293258e-01,  1.49279527e-01,\n",
       "         1.36129001e-01,  8.79859879e-03,  8.86786347e-04, -4.05967978e-03,\n",
       "        -3.16017006e-02, -5.55781456e-02, -6.56924235e-02, -1.39176164e-01]))"
      ]
     },
     "execution_count": 27,
     "metadata": {},
     "output_type": "execute_result"
    }
   ],
   "source": [
    "# 特征根\n",
    "result.get_eigenvalues()"
   ]
  },
  {
   "cell_type": "code",
   "execution_count": 35,
   "metadata": {},
   "outputs": [
    {
     "data": {
      "text/plain": [
       "(array([5.78935429, 2.61416735, 1.51976752]),\n",
       " array([0.48244619, 0.21784728, 0.12664729]),\n",
       " array([0.48244619, 0.70029347, 0.82694076]))"
      ]
     },
     "execution_count": 35,
     "metadata": {},
     "output_type": "execute_result"
    }
   ],
   "source": [
    "# 第三行，因子对应主成分的累积方差贡献度\n",
    "result.get_factor_variance()"
   ]
  },
  {
   "cell_type": "code",
   "execution_count": 83,
   "metadata": {
    "scrolled": true
   },
   "outputs": [
    {
     "data": {
      "text/plain": [
       "array([[ 1.83451282,  0.05594922,  5.32810184],\n",
       "       [ 1.16825881, -0.16615848, -0.33412618],\n",
       "       [-0.38691636, -0.4938628 ,  0.10637513],\n",
       "       [-0.20157693, -0.09670432, -0.51060111],\n",
       "       [-0.8033556 ,  0.01621128, -0.17915596],\n",
       "       [-0.01779882, -0.17005665,  0.13808952],\n",
       "       [-0.2441982 , -0.03358529,  0.08150822],\n",
       "       [-0.03951841, -0.43818282,  0.51732477],\n",
       "       [ 4.42467803,  0.3054275 , -2.04627643],\n",
       "       [-0.08508557,  0.18397899,  0.02225295],\n",
       "       [ 0.12275315, -0.39221754, -0.10713605],\n",
       "       [-0.84651438,  1.02150997, -0.05744757],\n",
       "       [-0.29503813, -0.28721899, -0.35685344],\n",
       "       [-0.63231435,  0.06089832,  0.00581223],\n",
       "       [-0.25621418,  0.19943473, -0.05613159],\n",
       "       [-0.35267987, -0.51824886, -0.07819239],\n",
       "       [ 0.15116537, -0.65228223,  0.26036902],\n",
       "       [-0.48552522,  0.00974283,  0.01856252],\n",
       "       [ 1.36595365,  0.88170517,  0.26819095],\n",
       "       [-0.69569398, -0.03531591, -0.05026641],\n",
       "       [-0.91853759, -0.36644509,  0.06119036],\n",
       "       [ 0.36099907, -0.12817752, -0.43919856],\n",
       "       [-0.71311131, -1.38796891, -0.0598694 ],\n",
       "       [-0.31686204, -0.54299626, -0.08161932],\n",
       "       [-0.05285806, -0.50264618, -0.06730874],\n",
       "       [-0.5510599 ,  0.09383506, -0.01919738],\n",
       "       [-0.90807862, -0.14562467,  0.22481446],\n",
       "       [-0.84979559,  0.46067602, -0.2187909 ],\n",
       "       [-0.61349728, -0.25943223,  0.19572788],\n",
       "       [ 0.02720264, -0.63173218, -0.23556303],\n",
       "       [ 0.0192282 , -0.29207998, -0.55438042],\n",
       "       [-0.39138387,  0.2622383 , -0.44555364],\n",
       "       [ 0.28050561, -0.14934306, -0.65484788],\n",
       "       [-0.20122482,  5.3466879 , -0.16394914],\n",
       "       [ 1.10358171, -1.20801531, -0.51185429]])"
      ]
     },
     "execution_count": 83,
     "metadata": {},
     "output_type": "execute_result"
    }
   ],
   "source": [
    "# 因子得分\n",
    "result.transform(df)"
   ]
  },
  {
   "cell_type": "code",
   "execution_count": 84,
   "metadata": {
    "scrolled": true
   },
   "outputs": [
    {
     "data": {
      "text/plain": [
       "array([[-0.14010556,  0.35740889,  0.83459161],\n",
       "       [-0.00359464, -0.37171779,  0.0363167 ],\n",
       "       [ 0.10325015, -0.46879358, -0.04480587],\n",
       "       [-0.8330285 , -1.35574385,  1.65423407],\n",
       "       [ 0.56140771, -0.23024732, -1.34369377],\n",
       "       [ 0.01709702, -0.9818414 , -0.05008082],\n",
       "       [ 0.71912219, -0.85651474, -1.83646883],\n",
       "       [ 0.47323014,  3.58733196,  1.35512298],\n",
       "       [-0.02506216, -0.12778413,  0.03971773],\n",
       "       [-0.10278111,  0.15038908,  0.33558781],\n",
       "       [-0.06387537,  0.97443494, -0.15352667],\n",
       "       [-0.0683058 , -0.36722362, -0.01882904]])"
      ]
     },
     "execution_count": 84,
     "metadata": {},
     "output_type": "execute_result"
    }
   ],
   "source": [
    "# 因子得分系数矩阵\n",
    "import statsmodels.api as sm\n",
    "factor_score_list = []\n",
    "for factor in range(result.transform(df).shape[1]):\n",
    "    est = sm.OLS(result.transform(df)[:,factor],df)\n",
    "    result_ = est.fit()\n",
    "    factor_score_list.append(list(result_.params))\n",
    "factor_score_matrix = np.array(factor_score_list).T\n",
    "factor_score_matrix"
   ]
  },
  {
   "cell_type": "code",
   "execution_count": null,
   "metadata": {},
   "outputs": [],
   "source": []
  }
 ],
 "metadata": {
  "kernelspec": {
   "display_name": "Python 3",
   "language": "python",
   "name": "python3"
  },
  "language_info": {
   "codemirror_mode": {
    "name": "ipython",
    "version": 3
   },
   "file_extension": ".py",
   "mimetype": "text/x-python",
   "name": "python",
   "nbconvert_exporter": "python",
   "pygments_lexer": "ipython3",
   "version": "3.6.5"
  }
 },
 "nbformat": 4,
 "nbformat_minor": 2
}
